[gd_scene load_steps=13 format=3 uid="uid://dcwtp1i3iy2ha"]

[ext_resource type="Material" uid="uid://du25jseyrdtks" path="res://Materials/Ice.tres" id="1_igrc5"]
[ext_resource type="Texture2D" uid="uid://dkoms20p7mbd4" path="res://Textures/HDRIs/snow_field_puresky_4k.exr" id="2_u20f2"]
[ext_resource type="PackedScene" uid="uid://r7r8y77rokm6" path="res://Prefabs/player.tscn" id="3_20gx3"]
[ext_resource type="Material" uid="uid://6v6wiemhsjcx" path="res://Ice_Snow.tres" id="4_ouhiq"]
[ext_resource type="PackedScene" uid="uid://c171s0y8jborx" path="res://Models/bust/marble_bust_01_1k.gltf" id="5_ndexw"]
[ext_resource type="PackedScene" path="res://Prefabs/cargo.tscn" id="6_w8g0t"]

[sub_resource type="PlaneMesh" id="PlaneMesh_x8jhw"]
material = ExtResource("1_igrc5")

[sub_resource type="BoxShape3D" id="BoxShape3D_h1uys"]

[sub_resource type="PanoramaSkyMaterial" id="PanoramaSkyMaterial_rpjvi"]
panorama = ExtResource("2_u20f2")

[sub_resource type="Sky" id="Sky_o7xhc"]
sky_material = SubResource("PanoramaSkyMaterial_rpjvi")

[sub_resource type="Environment" id="Environment_on2b7"]
background_mode = 2
background_energy_multiplier = 0.33
sky = SubResource("Sky_o7xhc")
ambient_light_color = Color(0.403922, 0.541176, 0.721569, 1)
ambient_light_sky_contribution = 0.84
ambient_light_energy = 2.17
tonemap_mode = 2
tonemap_exposure = 0.81
tonemap_white = 0.85
ssr_enabled = true
ssr_fade_in = 1.63925
ssr_fade_out = 2.44589
ssao_enabled = true
ssao_radius = 0.99
ssao_intensity = 4.04
ssao_power = 1.72305
ssao_detail = 0.0
ssao_horizon = 0.19
glow_intensity = 1.39
glow_strength = 1.29
fog_enabled = true
fog_light_color = Color(0.513726, 0.552941, 0.611765, 1)
fog_light_energy = 1.39
fog_density = 0.0282
volumetric_fog_density = 0.2682
adjustment_enabled = true
adjustment_brightness = 1.05
adjustment_contrast = 0.95
adjustment_saturation = 0.81

[sub_resource type="SphereMesh" id="SphereMesh_gtu3f"]
material = ExtResource("4_ouhiq")

[node name="World" type="Node3D"]
transform = Transform3D(1, 0, 0, 0, 1, 0, 0, 0, 1, 0.00120926, 0.00727379, -0.00147629)

[node name="Floor" type="MeshInstance3D" parent="."]
transform = Transform3D(250, 0, 0, 0, 1, 0, 0, 0, 250, 0, 0, 0)
mesh = SubResource("PlaneMesh_x8jhw")

[node name="StaticBody3D" type="StaticBody3D" parent="Floor"]

[node name="CollisionShape3D" type="CollisionShape3D" parent="Floor/StaticBody3D"]
transform = Transform3D(1, 0, 0, 0, 1, 0, 0, 0, 1, 0, -0.5, 0)
shape = SubResource("BoxShape3D_h1uys")

[node name="DirectionalLight3D" type="DirectionalLight3D" parent="."]
transform = Transform3D(0.777957, 0.358605, -0.515932, -0.0350097, 0.844596, 0.534258, 0.627341, -0.397567, 0.669614, 0, 0, 0)
light_color = Color(0.517647, 0.643137, 0.74902, 1)
light_energy = 0.363
shadow_enabled = true

[node name="WorldEnvironment" type="WorldEnvironment" parent="."]
environment = SubResource("Environment_on2b7")

[node name="Player" parent="." instance=ExtResource("3_20gx3")]

[node name="MeshInstance3D3" type="MeshInstance3D" parent="."]
transform = Transform3D(-0.135627, -1.2386, 0, 1.2386, -0.135627, 0, 0, 0, 1.24601, -0.987459, 1.17678, -2.89367)
visible = false
mesh = SubResource("SphereMesh_gtu3f")

[node name="marble_bust_01_1k" parent="." instance=ExtResource("5_ndexw")]
transform = Transform3D(2.08905, -0.0124855, 0.0705367, 0.00642302, 2.08264, 0.17844, -0.0713447, -0.178119, 2.08146, 2.2813, 0.000499964, -3.68549)
visible = false

[node name="cargo2" parent="." instance=ExtResource("6_w8g0t")]
transform = Transform3D(1, 0, 0, 0, 1, 0, 0, 0, 1, 6.99879, -0.00727379, -7.99852)

[node name="cargo3" parent="." instance=ExtResource("6_w8g0t")]
transform = Transform3D(0.753655, 0, 0.65727, 0, 1, 0, -0.65727, 0, 0.753655, -8.77885, -0.00727379, -13.8364)

[node name="cargo5" parent="." instance=ExtResource("6_w8g0t")]
transform = Transform3D(0.758908, 0, 0.651198, 0, 1, 0, -0.651198, 0, 0.758908, -13.2565, -0.00727379, -9.24808)

[node name="cargo4" parent="." instance=ExtResource("6_w8g0t")]
transform = Transform3D(0.75377, 0, 0.657138, 0, 1, 0, -0.657138, 0, 0.75377, -11.396, -0.00727379, -11.9484)

[node name="cargo6" parent="." instance=ExtResource("6_w8g0t")]
transform = Transform3D(0.949754, 0, -0.312998, 0, 1, 0, 0.312998, 0, 0.949754, -11.2343, 3.24432, -11.3136)

[node name="cargo" parent="." instance=ExtResource("6_w8g0t")]
transform = Transform3D(0.990358, 0, -0.138534, 0, 1, 0, 0.138534, 0, 0.990358, 7.05082, 3.22673, -8.07653)
